6412
1165,-11
1165,-10
1165,-9
1165,-8
1165,-7
1165,-6
1165,-5
1165,-4
1165,-3
1165,-2
1165,-1
1165,0
1165,1
1165,2
1165,3
1165,4
1165,5
1165,6
1165,7
1165,8
1165,9
1165,10
1165,11
1165,12
1165,13
1165,14
1165,15
1165,16
1165,17
1165,18
1165,19
1165,20
1165,21
1165,22
1165,23
1165,24
1165,25
1165,26
1165,27
1165,28
1165,29
1165,30
1165,31
1165,32
1165,33
1165,34
1165,35
1165,36
1165,37
1165,38
1165,39
1165,40
1165,41
1165,42
1165,43
1165,44
1165,45
1165,46
1165,47
1165,48
1165,49
1165,50
1165,51
1165,52
1165,53
1165,54
1165,55
1165,56
1165,57
1165,58
1165,59
1165,60
1165,61
1165,62
1165,63
1164,63
1164,64
1164,65
1164,66
1164,67
1164,68
1164,69
1164,70
1164,71
1164,72
1164,73
1164,74
1164,75
1164,76
1164,77
1164,78
1164,79
1164,80
1164,81
1164,82
1164,83
1164,84
1164,85
1163,85
1163,86
1163,87
1163,88
1163,89
1163,90
1163,91
1163,92
1163,93
1163,94
1163,95
1163,96
1163,97
1163,98
1163,99
1163,100
1163,101
1163,102
1163,103
1163,104
1163,105
1163,106
1163,107
1162,107
1162,108
1162,109
1162,110
1162,111
1162,112
1162,113
1162,114
1162,115
1162,116
1162,117
1162,118
1161,118
1161,119
1161,120
1161,121
1161,122
1161,123
1161,124
1161,125
1160,125
1160,126
1160,127
1160,128
1160,129
1160,130
1160,131
1160,132
1160,133
1159,133
1159,134
1159,135
1159,136
1159,137
1159,138
1159,139
1159,140
1158,140
1158,141
1158,142
1158,143
1158,144
1158,145
1158,146
1158,147
1158,148
1158,149
1158,150
1157,150
1157,151
1157,152
1157,153
1157,154
1157,155
1157,156
1157,157
1157,158
1156,158
1156,159
1156,160
1156,161
1156,162
1156,163
1156,164
1155,165
1155,166
1155,167
1155,168
1155,169
1154,169
1154,170
1154,171
1154,172
1154,173
1153,173
1153,174
1153,175
1153,176
1152,177
1152,178
1152,179
1152,180
1152,181
1151,181
1151,182
1151,183
1151,184
1151,185
1150,186
1150,187
1150,188
1150,189
1149,190
1149,191
1149,192
1149,193
1148,193
1148,194
1148,195
1148,196
1147,196
1147,197
1147,198
1146,198
1146,199
1146,200
1145,200
1145,201
1145,202
1144,202
1144,203
1144,204
1143,204
1143,205
1143,206
1142,206
1142,207
1142,208
1141,208
1141,209
1141,210
1140,210
1140,211
1140,212
1139,212
1139,213
1138,213
1138,214
1138,215
1137,215
1137,216
1136,216
1136,217
1135,217
1135,218
1134,219
1134,220
1133,220
1133,221
1132,221
1132,222
1132,223
1131,223
1131,224
1130,224
1130,225
1130,226
1129,226
1129,227
1128,227
1128,228
1127,228
1127,229
1126,230
1126,231
1125,231
1125,232
1124,232
1124,233
1123,233
1123,234
1122,234
1122,235
1121,235
1120,235
1120,236
1119,236
1118,236
1118,237
1117,237
1116,237
1115,237
1115,238
1114,238
1113,238
1113,239
1112,239
1111,239
1110,239
1109,239
1109,240
1108,240
1107,240
1106,240
1106,241
1105,241
1104,241
1103,241
1103,242
1102,242
1101,242
1100,242
1099,242
1099,243
1098,243
1097,243
1096,243
1095,243
1095,244
1094,244
1093,244
1092,244
1091,244
1090,244
1089,244
1088,244
1088,245
1087,245
1086,245
1085,245
1084,245
1083,245
1082,245
1081,245
1080,245
1079,245
1078,245
1077,245
1076,245
1075,245
1074,245
1073,245
1072,245
1072,246
1071,246
1070,246
1069,246
1068,246
1067,246
1066,246
1065,246
1064,246
1063,246
1062,246
1062,247
1061,247
1060,247
1059,247
1058,247
1057,247
1056,247
1055,247
1054,247
1053,247
1052,247
1051,247
1050,247
1049,247
1048,247
1047,247
1046,247
1045,247
1044,247
1043,247
1042,247
1041,247
1040,247
1039,247
1038,247
1037,247
1036,247
1035,247
1034,247
1033,247
1032,247
1031,247
1030,247
1029,247
1028,247
1027,247
1026,247
1026,246
1025,246
1024,246
1023,246
1022,246
1021,246
1020,246
1020,245
1019,245
1018,245
1017,245
1016,245
1016,244
1015,244
1014,244
1013,244
1012,244
1012,243
1011,243
1010,243
1009,243
1009,242
1008,242
1007,242
1007,241
1006,241
1005,241
1004,240
1003,240
1002,240
1002,239
1001,239
1000,239
1000,238
999,238
998,237
997,237
997,236
996,236
995,236
994,236
994,235
993,235
993,234
992,234
991,233
990,233
990,232
989,232
989,231
988,231
987,231
987,230
986,230
986,229
985,229
984,228
983,228
983,227
982,227
981,227
981,226
980,226
979,225
978,225
977,224
976,224
976,223
975,223
974,223
974,222
973,222
973,221
972,221
971,221
971,220
970,220
969,220
969,219
968,219
967,218
966,218
966,217
965,217
965,216
964,216
963,216
963,215
962,215
962,214
961,214
960,214
960,213
959,213
959,212
958,212
957,212
957,211
956,211
956,210
955,210
954,209
953,209
953,208
952,208
951,207
950,207
950,206
949,206
949,205
948,205
947,204
946,204
946,203
945,203
944,202
943,202
943,201
942,201
942,200
941,200
941,199
940,199
939,199
939,198
938,198
938,197
937,197
936,197
936,196
935,196
935,195
934,195
934,194
933,194
933,193
932,193
931,193
931,192
930,192
929,191
928,191
928,190
927,190
926,190
926,189
925,189
924,188
923,188
923,187
922,187
921,186
920,186
920,185
919,185
919,184
918,184
917,184
917,183
916,183
916,182
915,182
915,181
914,181
913,181
913,180
912,180
912,179
911,179
911,178
910,178
909,178
909,177
908,177
908,176
907,176
907,175
906,175
906,174
905,174
904,174
904,173
903,173
903,172
902,172
901,172
901,171
900,171
900,170
899,170
898,170
898,169
897,169
896,169
896,168
895,168
895,167
894,167
893,167
893,166
892,166
891,166
891,165
890,165
889,165
889,164
888,164
887,163
886,163
885,162
884,162
883,161
882,161
881,160
880,160
879,159
878,159
877,159
877,158
876,158
875,158
875,157
874,157
873,157
873,156
872,156
871,156
870,156
870,155
869,155
868,155
868,154
867,154
866,154
866,153
865,153
864,153
864,152
863,152
862,152
862,151
861,151
861,150
860,150
859,150
859,149
858,149
857,149
857,148
856,148
855,148
855,147
854,147
853,147
853,146
852,146
851,146
851,145
850,145
849,145
849,144
848,144
847,144
847,143
846,143
845,143
845,142
844,142
843,142
842,142
842,141
841,141
840,141
840,140
839,140
838,140
837,140
837,139
836,139
835,139
834,139
834,138
833,138
832,138
832,137
831,137
830,137
830,136
829,136
828,136
828,135
827,135
826,135
825,135
825,134
824,134
823,134
823,133
822,133
821,133
821,132
820,132
819,132
819,131
818,131
817,131
817,130
816,130
815,130
814,129
813,129
812,129
812,128
811,128
810,128
810,127
809,127
808,127
808,126
807,126
806,126
805,126
805,125
804,125
803,125
802,125
801,125
801,124
800,124
799,124
798,124
797,124
796,124
796,123
795,123
794,123
793,123
792,123
791,122
790,122
789,122
788,122
787,122
786,121
785,121
784,121
783,121
782,121
781,121
781,120
780,120
779,120
778,120
777,120
776,120
776,119
775,119
774,119
773,119
772,119
771,119
770,119
770,118
769,118
768,118
767,118
766,118
765,118
765,117
764,117
763,117
762,117
761,117
760,117
759,116
758,116
757,116
756,116
755,116
754,116
753,116
752,115
751,115
750,115
749,115
748,115
747,115
746,115
746,114
745,114
744,114
743,114
742,114
741,114
740,114
739,113
738,113
737,113
736,113
735,113
734,113
733,113
732,113
731,113
731,112
730,112
729,112
728,112
727,112
726,112
725,112
724,112
723,112
722,112
721,111
720,111
719,111
718,111
717,111
716,111
715,111
715,110
714,110
713,110
712,110
711,110
710,110
710,109
709,109
708,109
707,109
706,109
705,109
704,109
703,109
702,109
701,109
700,109
699,109
698,109
697,109
696,109
695,109
694,109
693,109
693,108
692,108
691,108
690,108
689,108
688,108
687,108
686,108
685,108
684,108
683,108
682,108
681,108
680,108
679,108
678,108
677,108
676,108
675,108
674,108
673,108
672,108
671,108
670,108
669,108
668,108
667,108
666,108
665,108
664,108
663,108
662,108
661,108
660,108
659,108
658,108
657,108
656,108
655,108
654,108
653,108
652,108
651,108
650,108
649,108
648,108
647,108
646,108
645,108
644,108
643,108
642,108
641,108
640,108
639,108
638,108
637,108
636,108
635,108
634,108
633,108
632,108
631,108
630,108
629,109
628,109
627,109
626,109
625,109
624,109
623,109
622,109
621,109
620,109
619,110
618,110
617,110
616,110
615,110
615,111
614,111
613,111
612,111
611,111
611,112
610,112
609,112
608,112
607,112
606,112
605,112
605,113
604,113
603,113
602,113
601,113
600,113
599,113
598,113
598,114
597,114
596,114
595,114
594,114
593,114
592,114
591,114
591,115
590,115
589,115
589,116
588,116
587,116
586,116
586,117
585,117
584,117
584,118
583,118
582,118
581,118
581,119
580,119
579,119
579,120
578,120
577,120
577,121
576,121
575,121
574,121
574,122
573,122
572,122
571,122
570,122
570,123
569,123
568,123
567,123
566,123
566,124
565,124
564,124
563,124
563,125
562,125
561,125
560,125
559,125
558,125
558,126
557,126
556,126
555,126
554,126
553,126
552,126
552,127
551,127
550,127
549,127
548,127
548,128
547,128
546,128
545,128
544,128
543,128
543,129
542,129
541,129
540,129
539,129
538,129
538,130
537,130
536,130
535,130
534,130
533,130
533,131
532,131
531,131
530,131
529,131
528,131
528,132
527,132
526,132
525,132
525,133
524,133
523,133
522,133
521,133
521,134
520,134
519,134
518,134
517,134
517,135
516,135
515,135
514,135
514,136
513,136
512,136
511,136
510,137
509,137
508,137
507,137
507,138
506,138
505,138
504,138
504,139
503,139
502,139
502,140
501,140
500,140
499,141
498,141
497,141
497,142
496,142
495,142
495,143
494,143
493,143
492,143
491,143
491,144
490,144
489,144
488,144
487,144
486,144
485,144
484,144
484,145
483,145
482,145
481,145
480,145
479,145
478,145
478,146
477,146
476,146
475,146
475,147
474,147
473,147
473,148
472,148
471,148
471,149
470,149
469,149
468,150
467,150
466,150
466,151
465,151
464,151
463,151
463,152
463,153
462,153
461,153
460,153
459,153
458,153
457,153
456,153
455,153
454,153
453,153
452,153
451,153
450,153
449,153
448,153
447,153
446,153
445,153
445,154
444,154
443,154
442,154
441,154
440,154
439,154
438,154
438,155
437,155
436,155
436,156
435,156
434,156
433,156
433,157
432,157
431,157
430,158
429,158
428,159
427,159
426,159
426,160
425,160
424,160
424,161
423,161
422,161
422,162
421,162
420,162
420,163
419,163
418,164
417,164
416,164
416,165
415,165
415,166
414,166
413,166
413,167
412,167
411,167
411,168
410,168
409,169
408,169
408,170
407,170
407,171
406,171
406,172
405,172
405,173
404,173
404,174
403,174
403,175
402,175
402,176
401,176
401,177
400,177
400,178
399,178
399,179
398,179
398,180
397,180
397,181
396,181
396,182
395,182
395,183
394,183
394,184
393,184
393,185
392,185
392,186
391,186
391,187
390,187
390,188
389,188
389,189
388,189
388,190
387,190
387,191
386,191
386,192
386,193
385,193
385,194
384,194
384,195
383,195
383,196
382,196
382,197
381,197
381,198
380,198
380,199
379,200
379,201
378,201
378,202
377,202
377,203
376,203
376,204
375,204
375,205
375,206
374,206
374,207
373,207
373,208
372,208
372,209
372,210
371,210
371,211
370,211
370,212
369,212
369,213
368,213
368,214
367,214
367,215
366,215
366,216
365,217
365,218
364,218
364,219
363,219
363,220
362,220
362,221
361,221
361,222
360,222
359,223
359,224
358,224
358,225
357,225
357,226
356,226
356,227
355,227
355,228
354,228
354,229
353,229
353,230
352,230
352,231
351,231
351,232
351,233
350,233
350,234
349,234
349,235
348,235
348,236
347,237
347,238
346,238
346,239
345,240
345,241
344,241
344,242
343,242
343,243
342,243
342,244
341,244
341,245
341,246
340,246
340,247
339,247
339,248
338,248
338,249
337,249
337,250
336,250
336,251
335,251
335,252
334,252
334,253
333,253
333,254
333,255
332,255
332,256
331,256
331,257
330,257
330,258
329,258
329,259
329,260
328,260
328,261
327,261
327,262
326,262
326,263
326,264
325,264
325,265
324,265
324,266
323,266
323,267
323,268
322,268
322,269
321,269
321,270
320,270
320,271
320,272
319,272
319,273
318,273
318,274
317,274
317,275
317,276
316,276
316,277
315,277
315,278
314,279
314,280
313,280
313,281
312,281
312,282
312,283
311,283
311,284
310,284
310,285
309,285
309,286
309,287
308,287
308,288
307,288
307,289
306,289
306,290
306,291
305,291
305,292
304,292
304,293
303,293
303,294
303,295
302,295
302,296
302,297
301,297
301,298
300,298
300,299
300,300
299,300
299,301
298,301
298,302
298,303
297,303
297,304
296,304
296,305
295,305
295,306
295,307
294,307
294,308
293,308
293,309
293,310
292,310
292,311
291,311
291,312
290,312
290,313
289,314
289,315
288,315
288,316
288,317
287,317
287,318
287,319
286,319
286,320
285,320
285,321
285,322
284,322
284,323
284,324
283,324
283,325
283,326
282,327
282,328
282,329
281,329
281,330
281,331
280,331
280,332
280,333
279,333
279,334
278,335
278,336
277,336
277,337
277,338
276,339
276,340
276,341
275,341
275,342
275,343
274,343
274,344
274,345
273,345
273,346
272,347
272,348
271,349
271,350
270,350
270,351
270,352
269,352
269,353
269,354
268,354
268,355
268,356
267,357
267,358
267,359
266,359
266,360
266,361
266,362
265,362
265,363
265,364
264,364
264,365
264,366
264,367
263,367
263,368
263,369
263,370
263,371
262,371
262,372
262,373
262,374
261,374
261,375
261,376
260,376
260,377
260,378
259,378
259,379
259,380
258,380
258,381
258,382
258,383
257,383
257,384
257,385
257,386
256,386
256,387
256,388
255,388
255,389
255,390
254,390
254,391
254,392
253,392
253,393
252,394
252,395
252,396
251,396
251,397
251,398
251,399
251,400
250,400
250,401
250,402
250,403
250,404
250,405
249,405
249,406
249,407
249,408
248,409
248,410
248,411
247,411
247,412
247,413
247,414
246,414
246,415
246,416
246,417
245,417
245,418
245,419
245,420
244,420
244,421
244,422
244,423
244,424
244,425
243,426
243,427
243,428
243,429
242,429
242,430
242,431
242,432
242,433
241,433
241,434
241,435
241,436
240,436
240,437
240,438
240,439
239,439
239,440
239,441
239,442
238,442
238,443
238,444
237,444
237,445
237,446
237,447
236,447
236,448
236,449
235,449
235,450
235,451
235,452
234,452
234,453
234,454
234,455
234,456
233,456
233,457
233,458
233,459
233,460
232,460
232,461
232,462
232,463
232,464
232,465
232,466
232,467
232,468
232,469
232,470
232,471
232,472
232,473
231,473
231,474
231,475
231,476
231,477
231,478
231,479
231,480
231,481
230,481
230,482
230,483
230,484
230,485
230,486
230,487
230,488
230,489
230,490
230,491
230,492
230,493
230,494
230,495
230,496
230,497
230,498
229,498
229,499
229,500
229,501
229,502
229,503
228,503
228,504
228,505
228,506
228,507
228,508
228,509
228,510
228,511
227,511
227,512
227,513
227,514
227,515
227,516
227,517
227,518
227,519
227,520
227,521
227,522
227,523
227,524
227,525
227,526
227,527
227,528
227,529
227,530
227,531
227,532
227,533
227,534
227,535
227,536
227,537
227,538
227,539
227,540
227,541
227,542
227,543
227,544
228,544
228,545
228,546
228,547
228,548
229,548
229,549
229,550
229,551
230,551
230,552
230,553
230,554
230,555
231,555
231,556
231,557
231,558
232,558
232,559
232,560
232,561
232,562
233,562
233,563
233,564
232,564
231,564
230,564
229,564
228,564
228,565
227,565
226,565
226,566
226,567
226,568
227,568
227,569
227,568
226,568
225,568
224,568
224,569
223,569
223,570
222,570
222,571
221,571
221,572
221,573
220,573
220,574
219,574
219,575
219,576
218,576
218,577
218,578
217,578
217,579
217,580
216,580
216,581
217,581
217,582
218,582
218,583
219,583
220,583
220,584
221,584
221,585
222,585
222,586
222,587
223,587
223,588
224,588
224,589
224,590
224,591
224,592
224,593
224,594
225,594
225,595
225,596
225,597
225,598
225,599
225,600
225,601
225,602
225,603
225,604
225,605
225,606
225,607
225,608
225,609
225,610
225,611
225,612
225,613
225,614
225,615
225,616
225,617
225,618
226,618
226,619
227,619
227,620
227,621
228,621
228,622
229,623
229,624
229,625
229,626
229,627
230,627
230,628
230,629
230,630
230,631
230,632
230,633
230,634
230,635
230,636
230,637
230,638
231,639
231,640
231,641
231,642
231,643
231,644
231,645
231,646
231,647
232,647
232,648
233,648
234,648
234,649
235,649
236,649
236,650
237,650
237,651
238,651
239,651
239,652
240,652
240,653
241,653
241,654
242,654
242,655
243,655
243,656
244,656
244,657
245,658
245,659
246,659
246,660
247,660
247,661
247,662
248,663
248,664
249,664
249,665
249,666
249,667
249,668
249,669
249,670
249,671
249,672
249,673
249,674
249,675
249,676
249,677
249,678
249,679
249,680
249,681
249,682
249,683
249,684
249,685
249,686
249,687
250,687
250,688
250,689
251,689
251,690
251,691
252,691
252,692
252,693
252,694
253,695
253,696
253,697
253,698
253,699
253,700
253,701
253,702
253,703
253,704
253,705
254,705
254,706
254,707
254,708
254,709
254,710
254,711
254,712
255,712
255,713
255,714
256,714
257,714
257,715
258,715
258,716
259,716
259,717
260,717
260,718
261,718
261,719
261,720
262,720
262,721
263,721
263,722
263,723
263,724
263,725
263,726
264,726
264,727
264,728
264,729
264,730
265,730
265,731
265,732
265,733
265,734
266,735
266,736
266,737
266,738
266,739
266,740
267,740
267,741
267,742
267,743
268,743
268,744
269,744
269,745
270,745
271,745
271,746
272,746
272,747
273,747
273,748
274,748
275,748
275,749
276,749
276,750
277,750
277,751
278,751
278,752
278,753
279,753
279,754
279,755
280,755
280,756
280,757
280,758
280,759
281,759
281,760
281,761
281,762
281,763
281,764
282,764
282,765
282,766
283,767
283,768
284,768
284,769
284,770
285,770
285,771
286,771
286,772
287,772
287,773
288,773
289,773
289,774
290,774
290,775
291,775
292,776
293,776
293,777
294,777
294,778
295,778
295,779
295,780
296,780
296,781
297,781
297,782
297,783
298,783
298,784
298,785
299,785
299,786
299,787
299,788
300,788
300,789
300,790
301,790
301,791
301,792
302,792
302,793
303,793
303,794
304,794
304,795
305,795
305,796
306,796
307,796
307,797
308,797
308,798
309,798
309,799
310,799
310,800
310,801
311,801
311,802
312,802
312,803
312,804
313,804
313,805
314,805
314,806
315,806
315,807
316,808
317,809
317,810
318,810
318,811
318,812
319,812
319,813
319,814
320,814
320,815
321,815
321,816
322,816
322,817
323,817
323,818
324,818
324,819
325,819
325,820
326,820
326,821
326,822
327,822
327,823
328,823
328,824
328,825
329,825
329,826
329,827
330,828
330,829
330,830
331,830
331,831
331,832
331,833
332,834
332,835
332,836
333,836
333,837
333,838
333,839
334,839
334,840
334,841
335,841
335,842
335,843
336,843
336,844
337,844
337,845
338,845
339,846
340,846
341,847
342,847
343,847
343,848
344,848
344,849
345,849
346,849
346,850
347,850
347,851
348,851
349,851
349,852
350,852
351,852
351,853
352,853
352,854
353,854
353,855
354,855
354,856
354,857
355,857
355,858
356,858
356,859
356,860
357,860
357,861
357,862
358,862
358,863
359,864
359,865
360,865
360,866
360,867
361,867
361,868
361,869
362,870
362,871
362,872
363,872
363,873
364,874
364,875
365,876
365,877
366,877
366,878
367,878
367,879
367,880
368,880
368,881
369,881
369,882
370,882
370,883
370,884
371,884
371,885
372,885
372,886
373,886
373,887
374,887
374,888
375,888
375,889
376,889
376,890
377,890
378,890
379,890
379,891
380,891
381,891
381,892
382,892
383,892
384,892
385,892
385,893
386,893
387,893
388,893
388,894
389,894
390,894
391,894
392,894
393,895
394,895
395,895
396,895
396,896
397,896
398,896
399,896
399,897
400,897
401,897
402,897
403,898
404,898
405,898
405,899
406,899
407,899
408,899
409,900
410,900
411,900
412,900
413,901
414,901
415,901
416,901
416,902
417,902
418,902
419,902
419,903
420,903
421,903
422,903
423,903
423,904
424,904
425,904
426,904
427,904
427,905
428,905
429,905
430,905
430,906
431,906
432,906
432,907
432,908
431,908
430,908
429,908
429,909
428,909
427,909
428,909
429,909
430,909
431,909
432,909
433,909
434,909
435,909
436,909
436,910
437,910
438,910
439,910
439,911
440,911
441,911
442,912
443,912
444,912
444,913
445,913
446,913
447,913
447,914
448,914
449,914
449,915
450,915
451,915
451,916
452,916
453,916
454,917
455,917
456,917
456,918
457,918
458,918
459,918
459,919
460,919
460,920
461,920
462,920
462,921
463,921
464,921
465,922
466,922
467,922
467,923
468,923
469,923
469,924
470,924
471,924
471,925
472,925
473,925
474,926
475,926
476,926
477,927
478,927
479,927
479,928
480,928
481,928
481,929
482,929
483,929
484,929
484,930
485,930
486,930
487,930
487,931
488,931
489,931
489,932
490,932
491,932
491,933
492,933
493,933
493,934
494,934
495,934
495,935
496,935
496,936
497,936
498,936
498,937
499,937
500,937
500,938
501,938
502,938
502,939
503,939
504,939
504,940
505,940
506,940
506,941
507,941
508,941
508,942
509,942
510,943
511,943
512,944
513,944
513,945
514,945
515,945
515,946
516,946
517,947
518,947
518,948
519,948
520,949
521,949
521,950
522,950
523,950
523,951
524,951
525,951
525,952
526,952
527,952
527,953
528,953
528,954
529,954
530,954
530,955
531,955
531,956
532,956
533,956
533,957
534,957
535,958
536,958
537,959
538,959
539,959
539,960
540,960
541,960
541,961
542,961
543,961
544,961
545,961
545,962
546,962
547,962
548,962
549,962
549,963
550,963
551,963
552,963
553,963
553,964
554,964
555,964
556,964
556,965
557,965
558,965
559,965
559,966
560,966
561,966
562,966
562,967
563,967
564,967
564,968
565,968
566,968
567,969
568,969
569,969
569,970
570,970
571,970
572,970
572,971
573,971
574,971
575,971
576,971
576,972
577,972
578,972
579,972
579,973
580,973
581,973
582,973
583,973
584,973
584,974
585,974
586,974
587,974
588,974
588,975
589,975
590,975
591,975
592,975
592,976
593,976
594,976
595,976
596,976
596,977
597,977
598,977
599,977
600,977
601,977
602,977
602,978
603,978
604,978
605,978
606,978
607,978
607,979
608,979
609,979
610,979
611,979
612,979
612,980
613,980
614,980
615,980
616,980
616,981
617,981
618,981
619,981
620,981
621,981
621,982
622,982
623,982
624,982
625,982
626,983
627,983
628,983
629,983
630,983
631,983
632,983
633,982
634,982
635,982
636,982
637,982
638,982
639,982
640,982
641,982
642,982
643,982
644,982
645,982
646,982
647,982
647,983
648,983
649,983
650,983
651,983
652,983
653,983
654,983
655,983
656,983
656,984
657,984
658,984
659,984
660,984
661,984
662,984
663,984
664,984
664,983
665,983
666,983
667,983
668,982
669,982
670,982
671,982
672,982
672,981
673,981
674,981
675,981
676,981
677,981
678,981
679,981
680,981
681,981
682,981
683,981
684,981
685,981
686,981
687,981
688,981
689,981
690,981
691,981
692,981
693,981
694,981
695,981
696,981
697,981
698,981
699,981
700,981
701,981
702,981
703,981
704,981
705,981
706,981
707,981
708,981
709,981
710,981
710,980
711,980
712,980
713,980
714,980
715,980
716,980
717,980
718,980
719,980
720,980
721,980
722,980
723,980
724,980
725,980
726,980
727,980
728,980
729,980
730,980
731,980
732,980
733,980
734,980
735,980
736,980
736,979
737,979
738,979
739,979
740,979
741,979
742,979
742,978
743,978
744,978
745,978
746,978
747,978
747,977
748,977
749,977
750,977
751,976
752,976
753,976
754,976
755,976
755,975
756,975
757,975
758,975
759,975
759,974
760,974
761,974
762,974
762,973
763,973
764,973
765,973
766,973
767,973
767,972
768,972
769,972
770,972
771,972
771,971
772,971
773,971
774,971
775,971
775,970
776,970
777,970
778,970
778,969
779,969
780,969
781,969
782,969
782,968
783,968
784,968
785,968
786,968
787,968
787,967
788,967
789,967
790,967
791,967
791,966
792,966
793,966
794,966
794,965
795,965
796,965
797,965
798,965
799,964
800,964
801,964
802,964
802,963
803,963
804,963
805,963
805,962
806,962
807,962
808,962
809,962
809,961
810,961
811,961
812,961
813,961
814,961
815,961
815,960
816,960
817,960
818,960
819,960
820,960
820,959
821,959
822,959
823,959
824,959
824,958
825,958
826,958
827,958
827,957
828,957
829,957
830,956
831,956
832,956
832,955
833,955
834,955
835,955
835,954
836,954
837,954
837,953
838,953
839,953
840,953
840,952
841,952
842,952
842,951
843,951
844,951
844,950
845,950
846,950
846,949
847,949
848,949
848,948
849,948
850,948
850,947
851,947
852,947
852,946
853,946
854,946
854,945
855,945
856,945
856,944
857,944
858,944
858,943
859,943
860,943
860,942
861,942
862,942
862,941
863,941
864,941
864,940
865,940
866,940
867,940
867,939
868,939
869,939
869,938
870,938
871,938
871,937
872,937
872,936
873,936
874,936
874,935
875,935
875,934
876,934
877,933
878,933
878,932
879,932
879,931
880,931
881,931
881,930
882,930
882,929
883,929
883,928
884,928
884,927
885,927
885,926
886,926
886,925
887,925
887,924
888,924
888,923
889,923
889,922
890,922
890,921
891,921
891,920
892,920
892,919
893,919
893,918
894,918
894,917
895,917
895,916
896,916
896,915
897,915
897,914
898,914
899,914
899,913
900,913
900,912
901,912
902,911
903,911
903,910
904,910
904,909
905,909
905,908
906,908
906,907
907,907
907,906
908,906
908,905
909,905
909,904
910,904
910,903
911,903
912,902
913,901
913,900
914,900
914,899
915,899
915,898
916,898
917,897
918,897
918,896
919,896
919,895
920,895
920,894
921,894
921,893
922,893
922,892
923,892
923,891
924,891
924,890
925,890
925,889
926,889
926,888
927,888
927,887
928,887
928,886
929,886
930,885
931,884
931,883
932,883
932,882
933,882
934,881
935,881
935,880
936,880
936,879
937,879
937,878
938,878
938,877
939,877
939,876
939,875
940,875
940,874
941,874
941,873
942,873
943,872
944,871
945,871
945,870
946,870
946,869
947,869
947,868
948,868
948,867
949,867
949,866
950,866
950,865
951,865
952,865
952,864
953,864
953,863
954,863
954,862
955,862
955,861
956,861
956,860
957,860
957,859
958,859
958,858
959,858
959,857
960,857
960,856
961,856
961,855
962,854
962,853
963,853
963,852
964,852
964,851
965,850
965,849
966,849
966,848
967,848
967,847
967,846
968,846
968,845
969,845
969,844
969,843
970,843
970,842
971,842
971,841
971,840
972,840
972,839
973,839
973,838
973,837
974,837
974,836
974,835
975,835
975,834
975,833
976,833
976,832
977,832
977,831
977,830
978,830
978,829
978,828
979,828
979,827
979,826
980,826
980,825
980,824
981,824
981,823
982,822
982,821
983,820
983,819
984,819
984,818
984,817
985,817
985,816
985,815
986,815
986,814
986,813
987,813
987,812
988,812
988,811
988,810
989,810
989,809
989,808
989,807
990,807
990,806
990,805
991,805
991,804
991,803
991,802
991,801
992,801
992,800
992,799
992,798
992,797
992,796
992,795
992,794
993,793
993,792
993,791
993,790
993,789
994,788
994,787
994,786
994,785
995,784
995,783
995,782
996,781
996,780
996,779
996,778
997,778
997,777
997,776
997,775
998,775
998,774
998,773
998,772
999,771
999,770
999,769
999,768
1000,768
1000,767
1000,766
1000,765
1001,765
1001,764
1001,763
1001,762
1001,761
1002,761
1002,760
1002,759
1002,758
1001,758
1001,757
1000,757
999,757
999,756
998,756
998,755
997,755
996,755
996,754
995,754
995,753
994,753
993,753
993,752
992,752
992,751
991,751
990,751
990,750
989,750
989,749
988,749
987,749
987,748
986,748
985,748
985,747
984,747
984,746
983,746
982,746
982,745
981,745
980,745
980,744
979,744
978,744
978,743
977,743
976,743
976,742
975,742
974,742
973,742
972,742
972,741
971,741
970,741
969,741
969,740
968,740
967,740
966,740
966,739
965,739
964,739
963,739
963,738
962,738
961,738
960,738
959,738
958,737
957,737
956,737
955,737
955,736
954,736
953,736
952,736
952,735
951,735
950,735
949,735
948,735
947,735
946,735
945,735
945,734
944,734
943,734
942,734
941,734
940,734
939,734
938,734
938,733
937,733
936,733
935,733
934,733
933,733
932,733
931,733
930,733
929,733
928,733
927,733
926,733
925,733
924,733
923,733
922,733
921,733
920,733
919,733
918,733
918,732
917,732
916,732
915,732
914,732
913,732
912,732
911,732
910,732
909,732
908,732
907,732
906,732
905,732
904,732
903,732
902,732
901,732
900,732
899,732
898,732
897,732
896,732
895,732
894,732
893,732
892,732
891,732
890,732
889,732
889,733
888,733
887,733
886,733
885,733
884,733
883,733
882,733
881,733
880,733
879,733
878,733
877,733
876,733
875,733
874,733
874,734
873,734
872,734
871,734
870,734
869,734
868,734
867,734
866,734
865,734
864,734
863,734
862,734
861,734
860,734
860,735
859,735
858,735
858,736
857,736
856,736
856,737
855,737
855,738
854,738
854,739
853,739
853,740
852,740
852,741
851,741
851,742
850,742
850,743
849,743
849,744
848,744
848,745
847,745
847,746
846,746
846,747
845,747
845,748
844,748
844,749
843,749
843,750
842,750
842,751
841,751
840,751
840,752
839,752
839,753
838,753
837,753
837,754
836,754
836,755
835,755
835,756
834,756
834,757
833,757
833,758
832,758
832,759
831,759
831,760
830,760
830,761
829,761
829,762
828,762
828,763
827,763
827,764
826,764
826,765
826,766
825,766
825,767
824,767
824,768
823,768
823,769
822,769
822,770
821,770
821,771
820,771
820,772
819,772
819,773
818,773
818,774
817,774
817,775
816,775
816,776
815,776
815,777
814,777
814,778
813,778
813,779
812,779
812,780
811,780
811,781
810,781
810,782
809,782
809,783
808,783
808,784
807,784
807,785
806,785
805,785
805,786
804,786
804,787
803,787
802,787
802,788
801,788
800,788
800,789
799,789
798,789
798,790
797,790
796,790
796,791
795,791
794,791
794,792
793,792
792,792
792,793
791,793
790,793
790,794
789,794
788,794
787,794
787,795
786,795
786,796
785,796
784,796
783,796
783,797
782,797
781,797
781,798
780,798
779,798
778,798
778,799
777,799
776,799
775,799
775,800
774,800
773,800
772,800
772,801
771,801
770,801
769,801
769,802
768,802
767,802
767,803
766,803
765,803
764,803
763,804
762,804
761,804
760,805
759,805
758,805
758,806
757,806
756,806
755,806
755,807
754,807
753,807
753,808
752,808
751,808
750,808
750,809
749,809
748,809
747,809
747,810
746,810
745,810
744,810
744,811
743,811
742,811
741,811
741,812
740,812
739,812
738,812
738,813
737,813
736,813
735,813
735,814
734,814
733,814
732,814
731,814
731,815
730,815
729,815
729,816
728,816
727,816
727,817
726,817
725,817
725,818
724,818
723,818
723,819
722,819
721,819
720,819
719,820
718,820
717,820
716,820
716,821
715,821
714,821
713,821
712,821
711,821
710,821
709,821
708,821
707,821
707,822
706,822
705,822
704,822
703,822
702,822
701,822
700,822
699,822
698,822
697,822
696,822
695,822
694,822
693,822
692,822
691,822
690,822
689,822
688,822
687,822
686,822
685,822
684,822
683,822
682,822
681,822
680,822
679,822
678,822
677,822
676,822
675,822
674,822
673,822
672,822
671,822
670,822
669,822
668,822
667,822
666,822
665,822
664,822
663,822
662,822
661,822
660,822
659,822
658,822
657,822
656,822
655,822
654,822
653,822
652,822
651,822
650,822
649,822
648,822
647,822
646,822
645,822
644,822
643,822
642,822
641,822
640,822
639,822
638,822
637,822
637,821
636,821
635,821
634,821
633,821
632,821
631,821
630,821
629,821
628,821
627,821
626,821
625,821
624,821
623,821
622,821
622,820
621,820
620,820
619,820
618,820
617,820
616,820
615,820
615,819
614,819
613,819
612,819
611,819
610,819
609,819
608,819
607,819
606,819
605,819
605,818
604,818
603,818
602,818
601,818
600,818
599,818
599,817
598,817
597,817
596,817
595,817
594,817
594,816
593,816
592,816
591,816
590,816
589,816
589,815
588,815
587,815
586,815
585,815
584,815
583,815
583,814
582,814
581,814
580,814
579,814
578,814
577,813
576,813
575,813
574,813
573,813
572,813
571,813
571,812
570,812
569,812
568,812
567,812
567,811
566,811
565,811
564,811
564,810
563,810
562,810
561,810
560,810
560,809
559,809
558,809
557,808
556,808
555,808
555,807
554,807
553,807
552,807
551,806
550,806
549,806
549,805
548,805
547,805
546,805
545,804
544,804
543,804
542,804
542,803
541,803
540,803
539,803
538,803
538,802
537,802
536,802
535,802
535,801
534,801
533,801
532,801
532,800
531,800
530,800
529,800
529,799
528,799
527,799
526,799
526,798
525,798
525,797
524,797
523,797
523,796
522,796
522,795
521,795
521,794
520,793
519,792
518,792
518,791
517,791
517,790
516,790
515,789
514,789
514,788
513,788
512,788
512,787
511,787
510,787
509,786
508,786
507,786
507,785
506,785
505,785
504,784
503,784
503,783
502,783
501,783
500,783
500,782
499,782
499,781
498,781
497,781
497,780
496,780
495,780
495,779
494,779
493,779
493,778
492,778
492,777
491,777
490,777
490,776
489,776
489,775
488,775
487,774
486,774
486,773
485,773
485,772
484,772
483,772
483,771
482,771
482,770
481,770
480,769
479,769
479,768
478,768
478,767
477,767
476,767
476,766
475,766
474,766
474,765
473,765
473,764
472,764
471,764
471,763
470,763
470,762
469,762
468,761
467,761
467,760
466,760
466,759
465,759
465,758
465,757
464,757
464,756
463,756
463,755
462,755
462,754
461,754
461,753
461,752
460,752
460,751
460,750
459,750
459,749
458,749
458,748
457,748
457,747
457,746
456,746
456,745
455,745
455,744
454,744
454,743
454,742
453,742
453,741
452,741
452,740
452,739
451,739
451,738
450,738
450,737
450,736
449,736
449,735
448,734
448,733
447,733
447,732
447,731
446,731
446,730
445,730
445,729
445,728
444,728
444,727
444,726
443,726
443,725
442,725
442,724
441,724
441,723
440,723
440,722
439,722
439,721
438,720
438,719
437,719
437,718
436,718
436,717
435,717
435,716
434,716
434,715
433,715
433,714
432,713
432,712
431,712
431,711
430,711
430,710
429,710
429,709
428,709
428,708
427,708
427,707
426,707
426,706
425,705
425,704
424,704
424,703
423,703
423,702
423,701
422,701
422,700
421,700
421,699
421,698
420,698
420,697
420,696
419,696
419,695
419,694
419,693
418,693
418,692
418,691
417,691
417,690
417,689
417,688
416,688
416,687
416,686
415,686
415,685
414,684
414,683
413,683
413,682
413,681
412,681
412,680
412,679
411,679
411,678
411,677
411,676
410,676
410,675
410,674
409,674
409,673
408,673
408,672
408,671
407,671
407,670
407,669
406,669
406,668
406,667
405,667
405,666
404,666
404,665
404,664
403,664
403,663
402,663
402,662
402,661
401,661
401,660
400,660
400,659
400,658
399,658
399,657
398,657
398,656
398,655
398,654
397,654
397,653
396,653
396,652
396,651
395,651
395,650
395,649
394,648
394,647
394,646
393,646
393,645
393,644
393,643
393,642
393,641
392,641
392,640
392,639
392,638
392,637
392,636
392,635
391,635
391,634
391,633
391,632
391,631
390,630
390,629
390,628
390,627
389,627
389,626
389,625
389,624
388,624
388,623
388,622
388,621
387,621
387,620
387,619
386,619
386,618
386,617
386,616
385,616
385,615
385,614
384,614
384,613
384,612
383,611
383,610
383,609
382,609
382,608
382,607
381,606
381,605
381,604
381,603
381,602
381,601
381,600
381,599
381,598
381,597
381,596
381,595
381,594
381,593
381,592
381,591
381,590
381,589
381,588
381,587
381,586
381,585
381,584
381,583
381,582
381,581
381,580
381,579
381,578
381,577
381,576
381,575
381,574
381,573
381,572
381,571
381,570
381,569
381,568
381,567
381,566
381,565
381,564
381,563
381,562
381,561
381,560
381,559
381,558
381,557
381,556
381,555
381,554
381,553
381,552
381,551
381,550
381,549
382,548
382,547
382,546
382,545
383,545
383,544
383,543
383,542
383,541
384,541
384,540
384,539
384,538
384,537
384,536
385,536
385,535
385,534
385,533
385,532
385,531
385,530
385,529
385,528
385,527
385,526
385,525
385,524
385,523
385,522
385,521
386,521
386,520
386,519
386,518
386,517
386,516
386,515
386,514
386,513
386,512
386,511
386,510
386,509
386,508
386,507
386,506
386,505
386,504
386,503
387,503
387,502
387,501
387,500
387,499
387,498
387,497
388,497
388,496
388,495
388,494
388,493
388,492
388,491
389,491
389,490
389,489
389,488
389,487
390,486
390,485
390,484
390,483
390,482
390,481
390,480
390,479
391,479
391,478
391,477
391,476
391,475
391,474
391,473
391,472
391,471
391,470
391,469
391,468
391,467
391,466
391,465
391,464
391,463
391,462
391,461
391,460
391,459
391,458
392,458
392,457
392,456
392,455
392,454
392,453
392,452
392,451
392,450
393,450
393,449
393,448
393,447
393,446
394,446
394,445
394,444
394,443
395,442
395,441
395,440
395,439
396,439
396,438
396,437
396,436
397,436
397,435
397,434
397,433
397,432
398,432
398,431
398,430
398,429
398,428
399,428
399,427
399,426
399,425
399,424
400,424
400,423
400,422
401,422
401,421
401,420
402,420
402,419
402,418
403,418
403,417
403,416
404,416
404,415
404,414
405,414
405,413
405,412
405,411
406,411
406,410
406,409
407,409
407,408
407,407
407,406
408,406
408,405
408,404
409,403
409,402
409,401
410,401
410,400
410,399
410,398
411,398
411,397
411,396
411,395
412,394
412,393
412,392
413,392
413,391
413,390
414,390
414,389
414,388
415,388
415,387
415,386
416,386
416,385
416,384
417,384
417,383
418,383
418,382
418,381
419,381
419,380
420,379
420,378
421,378
421,377
422,376
422,375
423,375
423,374
423,373
424,373
424,372
425,372
425,371
425,370
426,370
426,369
426,368
427,368
427,367
427,366
428,366
428,365
428,364
429,364
429,363
430,363
430,362
431,361
431,360
432,360
433,359
434,359
434,358
435,358
436,358
436,357
437,357
437,356
438,356
438,355
439,355
439,354
440,354
440,353
441,353
441,352
442,352
443,351
444,351
444,350
444,349
445,349
445,348
446,348
446,347
447,347
447,346
448,346
448,345
449,345
449,344
450,344
450,343
450,342
451,342
452,341
453,341
453,340
454,340
455,340
455,339
456,339
457,339
457,338
458,338
459,338
459,337
460,337
461,337
461,336
462,336
463,336
464,336
464,335
465,335
466,334
467,334
467,333
468,333
469,333
469,332
470,332
471,332
471,331
472,331
472,330
473,330
473,329
474,329
475,328
476,328
476,327
477,327
477,326
478,326
478,325
479,325
479,324
480,324
480,323
481,323
481,322
482,322
482,321
483,321
483,320
484,320
484,319
485,319
485,318
486,318
486,317
487,317
487,316
488,316
488,315
489,315
490,315
490,314
491,314
492,314
493,314
493,313
494,313
495,313
496,313
496,312
497,312
498,312
498,311
499,311
500,311
501,311
501,310
502,310
503,310
503,309
504,309
505,309
505,308
506,308
506,307
507,307
508,307
509,306
510,306
510,305
511,305
512,304
513,304
513,303
514,303
514,302
515,302
515,301
516,301
517,301
517,300
518,300
518,299
519,299
519,298
520,298
520,297
521,297
521,296
522,296
523,296
523,295
524,295
524,294
525,294
525,293
526,293
526,292
527,292
527,291
528,291
528,290
529,290
529,289
530,289
530,288
531,288
531,287
532,287
532,286
533,286
534,286
534,285
535,285
535,284
536,284
537,284
538,284
538,283
539,283
540,283
541,283
542,283
542,282
543,282
544,282
545,282
546,282
546,281
547,281
548,281
549,281
550,281
550,280
551,280
552,280
552,279
553,279
554,279
555,278
556,278
557,278
557,277
558,277
559,277
559,276
560,276
561,276
561,275
562,275
562,274
563,274
564,274
564,273
565,273
566,273
566,272
567,272
568,272
568,271
569,271
570,270
571,270
572,270
572,269
573,269
574,269
574,268
575,268
576,268
577,267
578,267
579,267
580,267
580,266
581,266
582,266
583,266
584,266
585,266
585,265
586,265
587,265
588,265
589,265
590,265
591,265
591,264
592,264
593,264
594,264
595,264
596,264
597,264
597,263
598,263
599,263
600,263
601,263
602,263
603,263
603,262
604,262
605,262
606,262
606,261
607,261
608,261
609,261
610,260
611,260
612,260
612,259
613,259
614,259
615,259
615,258
616,258
617,258
617,257
618,257
619,257
619,256
620,256
621,256
621,255
622,255
623,255
623,254
624,254
625,254
625,253
626,253
627,253
627,252
628,252
629,252
630,252
631,252
632,252
633,253
634,253
635,253
636,253
637,253
638,253
638,254
639,254
640,254
641,254
642,254
642,255
643,255
644,255
645,255
646,255
646,256
647,256
648,256
649,256
650,256
650,257
651,257
652,257
653,257
654,257
655,257
656,257
656,258
657,258
658,258
659,258
660,258
660,259
661,259
662,259
663,259
664,259
665,259
666,259
666,260
667,260
668,260
669,260
669,261
670,261
671,261
672,261
672,262
673,262
674,262
675,262
676,263
677,263
678,263
678,264
679,264
680,264
681,264
681,265
682,265
683,265
684,265
684,266
685,266
686,266
687,266
688,266
688,267
689,267
690,267
691,267
691,268
692,268
693,268
694,268
694,269
695,269
696,269
696,270
697,270
698,270
699,270
699,271
700,271
701,271
701,272
702,272
703,272
703,273
704,273
704,274
705,274
706,274
706,275
707,275
707,276
708,276
708,277
709,277
710,277
710,278
711,279
711,280
712,280
712,281
713,281
713,282
713,283
714,283
714,284
715,285
715,286
716,287
716,288
717,288
717,289
717,290
718,290
718,291
718,292
718,293
719,293
719,294
719,295
720,295
720,296
720,297
721,297
721,298
721,299
722,299
722,300
722,301
722,302
723,303
723,304
723,305
724,305
724,306
725,307
725,308
726,308
726,309
726,310
726,311
727,311
727,312
727,313
727,314
727,315
728,316
728,317
728,318
728,319
728,320
728,321
728,322
728,323
728,324
728,325
728,326
728,327
728,328
728,329
728,330
727,330
727,331
727,332
727,333
727,334
727,335
727,336
726,336
726,337
726,338
726,339
726,340
726,341
725,341
725,342
725,343
725,344
724,344
724,345
724,346
724,347
723,347
723,348
723,349
723,350
722,350
722,351
722,352
721,352
721,353
721,354
721,355
720,355
720,356
719,356
719,357
719,358
718,358
718,359
717,359
717,360
716,361
716,362
715,362
715,363
714,363
714,364
713,364
713,365
712,365
712,366
711,366
711,367
710,367
710,368
709,368
709,369
708,369
708,370
707,371
707,372
706,372
706,373
705,373
705,374
704,374
704,375
703,375
703,376
702,376
702,377
701,377
701,378
700,378
700,379
699,379
698,379
698,380
697,380
697,381
696,381
696,382
695,382
695,383
694,383
694,384
693,384
693,385
692,385
692,386
691,386
691,387
690,387
690,388
689,388
688,388
688,389
687,389
687,390
686,390
686,391
685,391
685,392
684,392
684,393
683,393
682,393
682,394
681,394
681,395
680,395
679,395
679,396
678,396
677,396
677,397
676,397
675,397
675,398
674,398
673,398
672,398
672,399
671,399
670,399
669,399
668,399
668,400
667,400
666,400
665,400
664,400
663,400
663,401
662,401
661,401
660,401
659,401
658,401
658,402
657,402
656,402
655,402
654,402
653,402
653,403
652,403
651,403
650,403
649,403
648,403
647,403
647,404
646,404
645,404
644,404
643,404
642,404
641,404
641,405
640,405
639,405
638,405
637,405
636,405
636,406
635,406
634,406
633,406
632,406
631,406
631,407
630,407
629,407
628,407
627,407
627,408
626,408
625,408
624,408
624,409
623,409
622,409
621,409
620,409
620,410
619,410
618,410
617,410
616,411
615,411
614,411
613,411
612,411
612,412
611,412
610,412
609,413
608,413
607,413
606,413
606,414
605,414
604,414
604,415
603,415
602,415
601,416
600,416
599,417
598,417
597,417
597,418
596,418
595,418
595,419
594,419
593,419
593,420
592,420
591,420
591,421
590,421
589,421
589,422
588,422
587,422
587,423
586,423
585,423
585,424
584,424
584,425
583,425
582,425
582,426
581,426
580,426
580,427
579,427
578,427
578,428
577,428
576,428
576,429
575,429
575,430
574,430
573,430
573,431
572,431
571,431
571,432
570,432
570,433
569,433
568,433
568,434
567,434
566,435
565,435
565,436
564,436
564,437
563,437
563,438
562,438
562,439
561,439
561,440
560,440
560,441
559,441
559,442
558,442
558,443
557,443
557,444
556,444
556,445
555,445
555,446
554,446
554,447
553,447
553,448
552,449
552,450
551,450
551,451
550,451
550,452
549,452
549,453
548,453
548,454
547,454
547,455
547,456
546,456
546,457
545,457
545,458
544,458
544,459
543,459
543,460
542,460
542,461
541,462
541,463
540,463
540,464
539,464
539,465
538,465
538,466
537,466
537,467
536,467
536,468
535,468
535,469
534,470
534,471
533,471
533,472
532,472
532,473
531,473
531,474
531,475
530,475
530,476
529,476
529,477
528,478
528,479
527,479
527,480
527,481
526,481
526,482
525,482
525,483
525,484
525,485
525,486
525,487
525,488
524,488
524,489
524,490
524,491
524,492
524,493
523,494
523,495
523,496
522,496
522,497
522,498
521,499
521,500
521,501
520,502
520,503
520,504
520,505
519,505
519,506
519,507
519,508
519,509
519,510
519,511
519,512
519,513
519,514
518,514
518,515
518,516
518,517
518,518
518,519
517,519
517,520
517,521
517,522
517,523
516,523
516,524
516,525
516,526
516,527
516,528
516,529
515,529
515,530
515,531
515,532
515,533
515,534
515,535
514,536
514,537
514,538
514,539
514,540
514,541
514,542
514,543
514,544
515,544
515,545
515,546
515,547
515,548
515,549
515,550
516,550
516,551
516,552
516,553
516,554
516,555
516,556
516,557
516,558
516,559
516,560
516,561
516,562
516,563
516,564
517,564
517,565
517,566
517,567
517,568
517,569
517,570
518,570
518,571
518,572
518,573
518,574
519,574
519,575
519,576
519,577
520,577
520,578
520,579
520,580
520,581
521,581
521,582
521,583
521,584
521,585
521,586
521,587
522,587
522,588
522,589
522,590
522,591
522,592
522,593
523,593
523,594
523,595
523,596
523,597
523,598
523,599
523,600
524,600
524,601
524,602
525,602
525,603
525,604
526,604
526,605
526,606
527,606
527,607
528,607
528,608
529,608
529,609
530,609
530,610
530,611
531,611
531,612
532,612
532,613
533,613
533,614
534,614
534,615
535,615
535,616
536,616
536,617
537,617
537,618
538,618
538,619
539,619
539,620
540,620
540,621
541,621
541,622
542,622
542,623
543,623
543,624
543,625
544,625
544,626
545,626
545,627
546,627
546,628
547,628
548,628
548,629
549,629
549,630
550,630
550,631
551,631
552,631
552,632
553,632
553,633
554,633
554,634
555,634
556,634
556,635
557,635
557,636
558,636
558,637
559,637
559,638
560,638
561,638
561,639
562,639
562,640
563,640
563,641
564,641
564,642
565,642
565,643
566,643
566,644
567,644
567,645
568,645
568,646
569,646
569,647
570,647
570,648
571,648
571,649
572,649
572,650
573,650
573,651
574,651
574,652
575,652
575,653
576,653
576,654
577,654
577,655
578,655
578,656
579,656
579,657
580,657
580,658
581,658
581,659
582,659
582,660
583,660
583,661
584,661
584,662
585,662
585,663
586,664
587,665
587,666
588,666
589,666
589,667
590,667
591,667
591,668
592,668
593,668
594,668
594,669
595,669
596,669
597,669
598,670
599,670
600,670
601,670
601,671
602,671
603,671
604,671
605,671
605,672
606,672
607,672
608,672
609,672
610,672
610,673
611,673
612,673
613,673
614,673
615,673
616,673
617,673
618,673
619,673
619,674
620,674
621,674
622,674
623,674
624,674
625,674
625,675
626,675
627,675
628,675
629,675
629,676
630,676
631,676
632,676
633,676
633,677
634,677
635,677
636,677
637,677
637,678
638,678
639,678
640,678
641,678
642,678
643,678
643,679
644,679
645,679
646,679
647,679
648,679
649,679
650,679
651,679
652,679
653,679
654,679
655,679
655,680
656,680
657,680
658,680
659,680
660,680
661,680
662,680
663,680
664,680
664,681
665,681
666,681
667,681
668,681
669,681
670,681
671,681
671,682
672,682
673,682
674,682
675,682
676,682
677,682
678,682
679,682
680,682
681,682
682,682
683,682
684,682
685,682
686,682
687,682
688,682
689,682
690,682
691,682
692,682
693,682
694,682
695,682
696,682
696,681
697,681
698,681
699,681
699,680
700,680
701,680
702,680
703,680
704,679
705,679
706,679
707,679
708,679
709,679
709,678
710,678
711,678
712,678
713,678
713,677
714,677
715,677
716,677
717,676
718,676
719,676
720,676
720,675
721,675
722,675
723,675
724,675
724,674
725,674
726,674
727,674
728,674
729,674
729,673
730,673
731,673
731,672
732,672
733,672
734,672
734,671
735,671
736,671
736,670
737,670
737,669
738,669
739,669
739,668
740,668
741,668
741,667
742,667
742,666
743,666
744,666
744,665
745,665
745,664
746,664
746,663
747,663
748,663
748,662
749,662
749,661
750,661
751,661
751,660
752,660
753,660
753,659
754,659
754,658
755,658
755,657
756,657
756,656
757,656
757,655
758,655
758,654
759,654
760,654
760,653
761,653
761,652
762,652
762,651
763,651
763,650
764,650
764,649
765,649
765,648
766,648
766,647
767,647
767,646
768,646
769,646
769,645
770,645
770,644
771,644
771,643
772,643
772,642
773,642
773,641
774,641
774,640
774,639
775,639
776,638
777,638
777,637
778,637
778,636
779,636
779,635
780,635
780,634
781,634
781,633
782,633
782,632
783,632
783,631
784,631
784,630
785,630
785,629
786,629
786,628
787,627
787,626
788,626
788,625
789,625
789,624
790,624
790,623
791,623
791,622
792,622
792,621
793,621
793,620
794,619
794,618
795,618
795,617
796,616
796,615
797,615
797,614
798,614
798,613
798,612
799,612
799,611
800,611
800,610
800,609
801,609
801,608
801,607
802,607
802,606
803,605
803,604
804,604
804,603
805,603
805,602
805,601
806,601
806,600
807,600
807,599
807,598
808,598
808,597
808,596
809,596
809,595
810,594
810,593
811,593
811,592
811,591
812,591
812,590
813,590
813,589
814,589
814,588
815,587
816,586
816,585
817,585
818,585
818,584
819,584
819,583
820,583
820,582
821,582
821,581
822,581
822,580
823,580
823,579
824,579
824,578
825,578
826,578
826,577
827,577
827,576
828,576
829,575
830,575
830,574
831,574
832,574
832,573
833,573
833,572
834,572
835,572
835,571
836,571
837,571
837,570
838,570
839,570
839,569
840,569
841,569
841,568
842,568
843,568
843,567
844,567
845,567
846,566
847,566
848,566
848,565
849,565
850,564
851,564
852,564
852,563
853,563
854,563
854,562
855,562
856,562
857,562
857,561
858,561
859,561
860,561
861,561
862,561
863,561
864,561
865,561
865,560
866,560
867,560
868,560
869,560
870,560
871,560
872,560
873,560
874,560
874,559
875,559
876,559
877,559
878,559
879,559
880,559
881,559
882,559
883,559
884,559
885,559
886,559
886,558
887,558
888,558
889,558
890,558
891,558
892,558
893,558
894,558
895,558
896,558
897,558
898,558
899,558
900,558
901,558
902,558
903,558
904,558
905,558
906,558
907,558
908,558
909,558
910,558
911,558
912,558
913,558
914,558
915,558
916,558
917,558
918,558
919,558
920,558
921,558
922,558
923,558
924,558
925,558
926,558
927,558
928,558
929,558
930,558
931,558
932,558
933,558
934,558
935,558
936,558
937,558
938,558
939,558
940,558
941,558
942,558
943,558
944,558
945,558
946,558
947,558
948,558
949,558
950,558
951,558
952,558
953,558
954,558
954,559
955,559
956,559
957,559
958,559
959,559
960,559
961,559
962,559
963,559
964,559
965,559
965,560
966,560
967,560
968,560
969,560
970,560
971,560
972,560
973,560
973,561
974,561
975,561
976,561
977,561
978,561
979,561
980,561
981,561
982,561
983,561
984,561
985,561
985,562
986,562
987,562
988,562
989,562
990,562
991,562
991,563
992,563
993,563
994,563
995,563
996,563
997,563
998,563
999,563
1000,563
1000,564
1001,564
1002,564
1003,564
1004,564
1005,564
1006,564
1007,564
1008,564
1009,564
1010,564
1011,564
1012,564
1013,564
1014,564
1015,564
1016,564
1017,564
1018,564
1019,564
1020,564
1021,564
1022,564
1023,564
1024,564
1025,564
1026,564
1027,564
1028,564
1029,564
1030,564
1031,564
1032,564
1033,564
1034,564
1035,564
1036,564
1037,564
1038,564
1039,564
1040,564
1041,564
1042,564
1043,564
1044,564
1045,564
1046,564
1047,564
1048,564
1049,563
1050,563
1051,563
1052,563
1053,563
1054,563
1055,563
1056,563
1057,563
1058,563
1058,562
1059,562
1060,562
1061,562
1062,562
1063,562
1064,562
1065,562
1066,562
1067,562
1068,562
1069,562
1070,562
1071,562
1072,562
1073,562
1074,562
1075,562
1076,562
1077,562
1078,562
1079,562
1080,562
1081,562
1082,562
1083,562
1084,562
1085,562
1086,562
1087,562
1088,562
1089,562
1090,562
1091,562
1092,562
1093,562
1094,562
1095,562
1096,562
1097,562
1098,562
1099,562
1100,562
1101,562
1102,562
1103,562
1104,562
1105,562
1106,562
1107,562
1108,562
1109,562
1110,562
1111,562
1112,562
1113,562
1114,562
1115,562
1116,562
1117,562
1118,562
1119,562
1120,562
1121,562
1122,562
1123,562
1124,562
1125,562
1126,562
1127,562
1128,562
1129,562
1130,562
1131,562
1132,562
1133,562
1134,562
1135,562
1136,562
1137,562
1138,562
1139,562
1140,562
1141,562
1142,562
1143,562
1144,562
1145,562
1145,561
1146,561
1147,561
1148,561
1149,561
1150,561
1151,561
1152,561
1153,561
1154,561
1155,561
1156,561
1157,561
1158,561
1159,561
1159,560
1160,560
1161,560
1162,560
1163,560
1164,560
1165,560
1166,559
1167,559
1168,559
1169,559
1170,559
1171,559
1172,559
1173,559
1174,559
1175,559
1176,559
1177,559
1178,559
1179,559
1180,559
1181,559
1182,559
1183,559
1184,559
1185,559
1186,559
1187,559
1188,559
1189,559
1190,559
1191,559
1192,559
1193,559
1194,559
1195,559
1196,559
1197,559
1198,559
1199,559
1200,559
1201,559
1202,559
1203,559
1204,559
1205,559
1206,559
1207,559
1208,559
1208,560
1209,560
1210,560
1211,560
1212,560
1213,560
1214,560
1215,560
1216,560
1217,560
1218,560
1219,560
1220,560
1221,560
1222,559
1223,559
1224,559
1225,559
1226,559
1227,559
1227,558
1228,558
1229,558
1230,558
1231,558
1232,558
1233,558
1234,558
1235,558
1235,557
1236,557
1237,557
1238,557
1239,557
1239,556
1240,556
1241,556
1242,556
1242,555
1243,555
1244,555
1245,555
1246,555
1247,555
1248,555
1249,556
1250,556
1251,556
1251,557
1252,557
1253,557
1254,557
1255,557
1255,558
1256,558
1257,558
1258,558
1259,558
1259,559
1260,559
1261,559
1262,559
1263,559
1264,559
1265,559
1266,559
1266,560
1267,560
1268,560
1269,560
1270,560
1271,560
1272,560
1273,560
1274,560
1274,561
1275,561
1276,561
1277,561
1278,561
1279,561
1280,561
1281,561
1281,562
1282,562
1283,562
1284,562
1285,562
1286,562
1287,562
1288,562
1289,562
1290,562
1291,562
1292,563
1293,563
1294,563
1295,563
1296,563
1297,563
1298,563
1299,563
1300,563
1301,563
1302,563
1303,563
1304,563
1305,563
1306,563
1307,563
1308,563
1309,563
1310,563
1311,563
1312,563
1313,563
1314,563
1315,563
1316,563
1317,563
1318,563
1319,563
1320,563
1321,563
1322,563
1323,563
1324,563
1325,563
1326,563
1327,563
1328,563
1329,563
1330,563
1331,563
1332,563
1333,563
1334,563
1335,563
1336,563
1337,563
1338,563
1339,563
1340,563
1341,563
1342,563
1343,563
1344,563
1345,563
1346,563
1347,563
1348,563
1349,563
1350,563
1351,563
1352,563
1353,563
1354,563
1355,563
1356,563
1357,563
1357,562
1358,562
1359,562
1360,562
1361,562
1362,562
1363,562
1364,562
1365,562
1366,562
1367,562
1368,562
1369,562
1370,562
1370,561
1371,561
1372,561
1373,561
1373,560
1374,560
1375,560
1376,560
1376,559
1377,559
1378,559
1379,559
1380,559
1381,558
1382,558
1383,558
1384,558
1384,557
1385,557
1386,557
1387,557
1388,557
1389,557
1390,557
1391,557
1392,556
1393,556
1394,556
1395,556
1395,555
1396,555
1397,555
1398,555
1399,555
1400,555
1401,555
1402,555
1403,555
1404,555
1405,555
1406,555
1407,555
1408,555
1409,555
1410,555
1411,555
1412,555
1413,555
1414,555
